119 636037307
8392
34383
8582
19000000
26360490
63000000
46172
94000
80000
45273
60000
35000
80659
18182
6449
1500
29084073
1000
13519
15681817
12741273
2803
1818
1000
1000
1000
10006
2948778
807090
2171368
1727952
15681817
103636364
5454
2000
1818
26360490
57000
3318
1000
7352545
9090909
8720010
2000
26692
11813
5714
48994
94000
80000
45273
60000
35000
107001
18182
2000
1818
7447
29084073
2868213
486186
2190632
1023024
5454
1818
15000000
2000
14133620
5248000
3109
106268
18555914
4652818
1000
7388131
6735
5610
10903
1652312
2558400
15645455
28080510
1812156
1000
1000
26971
94000
80000
45273
60000
35000
83967
18182
20909090
2000
500
500
28080510
1818
23172
1624678
500
2610948
470268
2340976
522000
213419
1399078
5454
1577600
1818
11732
20909090
21742818
21949065
1000
1000
12000000
28080510